45
27
9
1
10
50
18
21
53
58
24
193
103
8
42
15
186
63
93
173
24
19
15
21
12
68
49
25
3
317
3
13
187
60
19
35
123
17
114
258
27
197
37
212
50
96
90
204
13
25
179
162
130
46
82
3
13
42
34
65
303
89
4
160
56
125
91
29
239
44
269
23
169
23
137
1
27
18
13
15
3
74
58
65
25
18
46
7
187
27
169
105
7
84
2
7
8
60
93
62
23
37
34
4
28
11
136
69
3
86
257
10
76
168
26
31
72
21
427
31
7
21
214
16
74
222
84
14
79
16
175
34
18
256
43
158
41
16
231
114
158
98
273
48
14
11
177
47
10
35
6
10
27
2
335
205
11
51
111
95
172
94
196
246
263
83
10
39
64
7
15
2
4
40
38
21
12
160
3
105
31
27
1
30
14
15
44
15
75
44
9
154
86
13
97
9
164
167
2
149
7
176
20
189
51
147
171
7
93
103
54
250
2
61
41
35
51
19
40
133
320
90
22
57
69
55
45
17
53
292
63
140
199
6
14
27
169
43
26
214
171
57
9
19
19
104
235
83
46
91
29
8
139
33
57
20
76
8
174
120
13
40
5
81
38
139
29
43
16
103
23
2
64
18
121
28
26
11
34
110
31
20
35
23
147
141
246
4
88
18
204
148
69
33
116
92
136
17
45
60
174
12
72
55
225
36
8
110
3
24
4
81
47
343
150
69
8
166
16
18
175
146
88
163
94
169
1
6
4
36
99
80
28
16
252
18
138
69
11
20
104
72
7
47
41
79
8
199
6
4
4
13
5
7
1
96
97
50
29
36
10
13
14
44
90
2
38
48
152
10
27
2
120
8
7
42
11
25
27
14
7
80
38
5
56
33
257
118
236
140
84
54
3
123
90
16
21
142
13
2
7
105
45
128
46
17
65
64
127
25
45
36
111
147
105
29
1
20
48
13
67
60
29
89
2
15
30
33
6
209
65
20
233
125
20
17
18
116
99
69
5
19
111
114
34
3
111
105
6
9
278
29
239
10
5
21
302
81
18
164
205
126
38
16
159
98
255
2
24
327
5
4
39
62
24
30
61
4
61
95
23
124
101
58
78
122
31
66
3
1
49
141
66
52
32
41
160
16
14
6
145
33
32
25
260
263
59
44
3
88
193
92
42
46
151
63
44
36
45
26
43
10
52
19
40
7
91
164
18
25
13
14
86
51
7
6
1
15
2
23
41
21
204
230
27
38
118
47
143
74
21
3
180
160
81
42
304
261
75
29
77
32
39
270
13
123
20
43
59
2
235
12
288
34
117
87
18
151
5
61
16
15
14
135
4
47
158
26
113
160
247
57
6
89
71
65
52
6
5
44
90
181
43
51
191
33
32
362
19
100
50
68
72
80
21
67
96
131
66
161
37
37
92
34
239
209
27
249
23
161
28
259
15
65
58
43
47
25
44
112
383
56
53
94
10
104
6
44
193
62
89
322
15
23
40
114
22
49
196
131
16
6
25
14
31
73
4
37
266
21
24
10
131
309
131
143
11
344
9
20
251
127
66
25
88
11
63
13
41
162
42
84
68
113
30
59
27
38
15
52
30
7
23
23
86
38
16
75
164
266
47
24
12
6
15
46
150
27
36
10
7
33
112
74
21
141
6
4
34
123
53
73
153
19
20
13
128
127
7
79
3
35
8
78
108
69
42
143
40
46
146
8
89
71
25
23
429
20
31
248
83
22
320
83
345
7
6
17
7
165
58
12
49
15
381
12
48
86
188
110
3
75
144
23
24
180
25
54
47
67
51
27
4
10
8
16
88
54
26
28
154
273
7
8
1
49
190
2
91
13
18
21
54
19
152
96
17
32
19
87
8
22
127
1
133
59
10
52
229
148
153
9
50
270
41
13
14
26
3
5
152
4
5
196
70
5
9
137
12
93
373
53
43
150
281
25
2
8
24
29
137
144
65
114
42
3
147
101
156
140
138
13
20
62
120
12
56
173
16
13
121
8
25
50
38
128
31
3
64
205
31
49
106
383
56
11
95
25
7
91
96
17
57
43
128
28
56
79
82
23
76
57
25
146
72
160
49
67
135
154
99
5
57
15
91
181
84
22
4
24
134
164
102
105
27
19
39
57
150
98
18
297
14
88
38
175
236
67
91
178
40
64
76
61
238
46
81
59
130
6
10
35
61
41
22
10
50
11
17
13
33
77
151
104
225
36
23
130
53
10
75
53
36
15
101
63
358
222
21
24
22
4
5
28
93
7
92
74
160
19
59
10
123
181
84
138
60
59
26
41
68
48
126
262
10
2
67
202
194
41
29
96
68
5
29
282
58
81
2
89
115
24
1
15
5
54
14
111
319
19
46
48
38
10
13
66
152
60
19
124
19
103
10
76
19
34
68
56
19
11
47
89
48
29
44
41
85
18
53
69
43
17
111
40
11
44
143
14
40
33
8
15
168
30
3
13
61
154
2
21
182
8
136
183
168
95
62
67
110
11
93
50
8
21
12
18
75
12
1
296
26
41
41
53
41
101
177
43
103
17
12
64
75
127
7
115
12
35
73
17
27
67
10
32
2
18
31
15
6
98
52
35
247
9
163
2
9
22
65
87
1
101
195
236
51
13
42
214
35
56
224
27
105
8
155
7
55
58
7
151
168
11
77
17
89
16
274
365
115
46
7
17
21
13
73
30
54
37
75
33
17
23
56
27
27
23
13
7
99
2
169
125
30
101
337
120
168
38
43
32
21
81
248
119
77
63
39
1
37
34
26
31
88
99
4
61
21
17
39
98
91
258
92
158
74
34
57
36
281
12
118
57
27
195
58
117
41
3
177
188
187
194
11
24
21
6
253
1
261
93
11
69
1
120
20
189
79
18
131
75
133
82
43
1
293
44
78
13
22
16
32
13
31
8
11
283
85
62
2
10
13
47
114
28
176
221
35
40
96
42
5
20
51
30
6
98
7
113
171
25
85
26
26
22
163
65
54
91
12
35
11
105
45
11
134
108
32
19
108
171
138
79
147
17
86
32
48
97
52
129
36
25
94
104
175
110
26
166
14
25
29
85
53
38
131
20
176
246
190
21
22
105
40
31
20
10
53
208
134
8
70
15
7
17
24
12
53
428
349
6
26
62
96
11
188
4
275
357
33
117
11
57
24
177
122
15
170
136
12
102
16
88
166
145
36
191
6
4
18
21
26
45
79
29
69
18
26
147
1
51
178
4
44
133
4
264
72
66
32
262
32
48
252
89
87
14
91
36
18
361
1
26
26
136
83
79
169
14
84
39
12
127
41
98
212
26
10
179
48
352
82
57
256
6
126
125
9
93
66
75
48
161
147
116
10
169
51
19
12
2
119
72
27
50
264
6
80
77
94
430
230
98
16
116
58
172
132
244
3
40
112
115
94
99
31
23
87
47
108
15
30
12
33
13
204
17
35
66
150
71
37
10
419
135
3
44
89
175
77
2
57
19
117
1
135
6
45
135
86
103
74
77
14
8
21
65
69
3
22
33
22
106
94
128
346
4
173
8
201
43
86
16
6
69
98
121
12
130
254
50
304
24
33
26
53
10
371
18
23
4
10
63
82
5
141
141
158
24
7
8
154
36
33
27
33
9
56
21
35
49
110
31
16
28
20
177
131
8
200
231
11
11
15
50
7
15
108
41
62
57
136
104
293
24
137
115
78
48
48
89
45
8
36
6
105
28
27
209
168
4
131
39
22
34
35
8
15
14
7
67
5
56
208
82
148
25
15
87
174
40
20
48
237
107
39
29
80
142
29
32
70
26
99
57
202
351
111
1
190
33
111
291
116
31
148
173
9
8
20
34
18
18
1
125
25
38
25
3
8
56
91
3
23
2
89
82
18
18
23
39
28
142
20
121
70
6
29
42
15
60
52
7
93
12
61
245
57
50
2
23
48
98
7
232
35
89
51
267
355
137
11
90
12
15
6
19
54
25
93
107
96
9
23
66
122
53
55
4
155
133
9
175
189
68
58
91
17
345
5
289
10
49
123
172
87
230
11
332
3
16
31
136
45
89
68
1
4
112
10
30
32
96
34
7
12
76
162
159
4
23
67
75
24
158
75
15
2
167
61
11
116
140
80
5
17
9
7
38
81
12
348
11
167
68
23
214
174
32
6
147
34
2
152
209
251
36
159
43
242
22
81
68
48
50
59
65
162
343
32
262
30
34
79
39
4
21
58
2
105
85
71
20
26
1
189
64
52
15
12
136
34
76
119
115
53
13
114
124
25
24
34
107
16
8
41
27
15
73
192
54
3
94
123
139
48
155
28
21
128
166
48
117
81
112
63
58
127
27
4
23
117
59
21
170
132
51
70
110
11
153
15
55
118
44
11
88
41
13
13
17
210
66
237
83
96
46
15
13
178
222
49
45
72
29
61
22
344
87
59
314
67
54
287
13
35
10
120
6
41
23
247
95
39
146
98
113
4
125
21
8
25
7
77
15
77
16
20
9
21
100
140
37
47
48
108
39
9
216
301
189
31
47
44
54
99
93
101
5
220
109
4
33
8
13
21
67
7
33
36
37
9
27
46
6
34
9
164
65
67
19
75
20
180
42
104
37
6
1
48
44
10
8
345
7
5
222
35
47
3
163
20
99
81
12
19
4
122
215
11
125
142
347
13
111
23
59
21
66
10
108
11
98
15
7
54
41
6
71
40
21
7
27
24
57
19
3
205
58
14
218
43
30
92
254
122
19
15
61
49
58
7
169
61
33
39
121
133
7
32
57
35
13
16
234
17
102
79
51
80
194
1
190
28
102
17
21
7
2
8
29
44
321
9
225
110
209
204
6
53
55
343
140
104
178
2
28
136
24
20
81
52
109
22
51
10
4
12
10
202
55
30
2
14
140
25
366
12
21
22
12
6
8
6
130
47
25
16
24
52
19
84
57
156
33
328
37
55
94
29
228
33
99
25
112
171
11
4
34
108
43
9
1
118
114
128
23
15
200
112
10
10
63
57
55
16
13
98
120
1
67
57
135
34
175
40
155
24
63
131
2
124
98
97
11
353
122
74
63
10
83
83
20
68
44
2
6
53
136
202
46
7
16
61
409
239
7
47
108
118
59
41
4
22
104
72
213
2
69
21
91
29
3
21
19
26
30
50
34
192
26
42
149
99
61
77
2
39
263
5
53
19
121
20
11
398
53
114
30
23
41
352
14
88
186
161
60
73
28
62
243
43
139
128
38
15
59
66
44
75
101
10
13
9
41
30
6
223
58
137
107
36
19
16
33
7
109
22
49
81
151
2
33
37
24
8
52
8
41
115
21
18
5
7
117
262
20
54
8
45
180
10
137
12
32
37
46
47
68
57
280
70
39
260
39
121
143
65
33
32
41
395
196
10
37
59
26
68
8
33
64
298
1
138
232
13
210
156
21
12
55
136
36
36
175
184
2
69
25
32
40
282
6
94
46
40
54
49
120
122
10
19
395
68
160
47
147
167
37
11
64
39
3
322
10
82
14
135
25
27
184
19
141
2
80
26
22
268
26
21
17
170
20
41
34
62
11
1
9
75
17
197
33
131
59
113
231
15
136
73
111
21
26
105
4
35
27
30
95
8
55
120
8
3
10
7
97
35
5
13
23
32
8
20
81
81
15
110
65
29
32
35
26
12
65
10
11
110
81
47
263
64
1
75
3
5
64
12
99
144
17
50
59
16
171
35
45
231
91
119
14
66
189
26
25
14
21
97
6
49
45
16
6
26
17
22
133
161
356
6
59
18
98
190
21
7
42
10
15
23
359
164
102
54
28
7
46
18
237
34
34
155
132
15
350
236
145
7
94
147
47
185
18
191
77
59
12
237
131
51
11
248
69
12
13
36
32
214
31
36
44
226
73
57
114
124
12
7
3
73
141
253
5
82
163
28
1
41
126
47
38
5
23
276
12
33
122
42
150
76
122
37
150
40
345
134
100
112
178
19
24
8
213
108
89
25
99
22
23
94
9
37
159
35
102
39
11
355
21
312
31
14
33
15
10
92
90
8
21
113
38
3
24
164
20
72
61
7
43
11
1
86
17
46
6
402
36
207
156
9
32
55
94
16
67
13
118
52
42
215
43
71
57
256
39
12
4
87
49
56
82
19
27
1
107
145
72
21
89
23
86
34
78
11
122
76
117
16
13
57
7
21
89
10
71
13
212
32
8
5
120
107
20
23
16
33
747
16
53
16
26
104
248
302
12
62
81
22
12
67
36
127
18
14
10
3
21
12
50
77
28
51
25
150
72
30
48
102
45
52
78
53
187
9
337
10
74
241
83
80
13
32
312
30
32
10
116
82
99
9
76
40
53
60
44
3
60
15
436
63
23
207
97
18
1
1
245
22
67
3
164
47
35
15
40
78
85
44
105
149
59
51
58
68
135
71
14
110
34
9
13
29
1
123
11
77
165
338
3
20
25
269
23
70
46
30
14
85
17
181
48
100
102
35
37
67
21
160
7
36
32
152
247
7
151
76
136
37
8
13
2
2
2
81
242
245
8
253
12
254
83
81
91
35
18
66
18
16
46
11
59
11
4
96
51
26
88
47
10
105
88
2
14
1
127
1
100
24
79
1
91
11
9
100
205
57
68
236
29
22
41
25
10
75
25
5
84
90
115
340
126
5
124
32
75
12
1
32
138
330
8
167
26
175
8
55
20
35
10
289
25
113
66
10
6
13
81
26
223
17
348
112
41
35
160
24
13
54
174
89
12
212
37
28
69
33
44
31
6
118
15
51
15
17
59
162
8
26
124
20
2
61
3
126
26
15
35
20
182
42
34
59
303
8
6
56
101
9
46
80
241
84
29
153
9
110
60
29
38
334
27
4
13
166
19
169
68
68
94
16
199
7
15
68
6
32
17
147
39
174
117
140
54
16
298
12
22
5
31
168
17
110
95
122
178
161
28
4
34
58
162
73
79
110
44
145
43
212
4
40
117
56
102
31
15
41
93
60
51
27
6
17
112
20
176
166
74
50
4
99
155
24
19
16
18
41
18
58
71
12
60
105
122
242
41
269
9
273
30
34
28
126
7
92
85
13
242
334
34
69
3
19
232
2
30
4
28
35
120
7
45
113
15
106
4
240
28
234
4
61
71
23
86
6
79
126
19
1
25
161
10
18
94
47
1
8
206
8
4
64
20
117
206
10
19
171
106
1
103
6
34
32
1
8
20
83
33
13
407
9
55
13
5
28
211
67
10
17
7
31
43
43
11
333
26
72
3
49
18
34
61
128
10
4
68
117
84
23
53
34
70
9
17
8
43
162
12
127
180
10
42
104
5
19
23
2
294
39
100
11
125
142
276
62
152
124
92
105
64
5
2
46
181
13
20
127
44
74
187
4
11
22
2
10
3
137
102
125
86
27
51
116
181
35
278
10
85
20
156
1
83
32
14
102
120
128
1
30
41
8
55
216
82
6
168
85
115
3
9
24
129
56
26
25
47
136
13
30
2
9
15
38
10
8
17
36
55
76
28
71
89
254
16
18
23
208
11
111
77
45
147
98
48
77
62
12
107
8
168
296
23
121
19
55
23
17
13
159
94
81
168
144
31
131
16
4
158
21
252
124
63
24
61
46
1
10
183
1
20
29
19
225
10
171
7
19
60
18
54
27
29
56
39
149
129
14
46
182
119
54
44
50
111
154
257
16
23
2
25
2
161
167
104
194
30
23
119
46
22
237
216
97
1
58
122
17
16
38
102
30
54
30
32
79
11
265
184
38
61
96
28
72
77
20
224
25
28
61
26
129
3
54
42
91
112
27
281
11
44
152
18
181
52
4
2
75
77
98
258
19
73
67
4
85
26
42
170
121
207
110
339
35
23
198
95
13
42
128
67
62
40
5
11
70
163
73
25
23
1
44
84
178
73
18
298
18
93
36
36
72
7
16
16
92
30
60
22
57
45
35
232
7
22
392
57
106
108
125
61
322
287
75
109
33
130
324
13
120
23
14
76
45
24
214
103
20
22
427
224
81
56
6
29
173
57
27
51
23
2
19
16
7
19
44
345
199
194
111
3
5
133
170
13
226
64
47
16
16
19
211
78
10
189
143
53
90
25
16
210
10
168
15
22
66
23
13
217
15
38
90
6
268
10
68
87
138
21
28
45
8
59
16
16
33
20
3
175
1
42
18
127
22
68
29
7
66
29
21
16
59
14
27
178
283
56
24
8
12
20
31
37
18
20
94
158
140
7
145
24
12
88
27
689
100
168
88
25
37
112
2
117
4
121
44
12
152
89
186
79
101
87
62
44
18
132
60
61
97
319
148
64
18
17
3
98
313
37
171
75
184
177
37
100
44
194
17
111
92
33
126
38
27
30
15
3
1
25
28
24
61
206
122
352
1
1
33
129
32
79
54
16
230
81
234
96
47
32
7
66
146
92
62
133
202
4
17
14
48
11
117
7
22
8
15
83
112
11
273
41
23
57
7
255
13
152
5
230
63
12
12
56
182
81
56
13
245
66
110
23
165
47
52
15
168
8
21
20
41
114
74
76
18
34
6
3
126
22
18
36
48
19
16
244
5
1
96
34
40
283
15
50
67
7
29
26
14
71
62
5
19
72
251
43
18
92
97
27
206
4
213
10
18
110
58
10
75
36
34
11
49
66
57
150
79
52
34
89
36
87
112
13
108
229
15
65
22
1
14
34
117
35
21
33
379
17
44
5
32
79
45
89
68
36
10
24
28
15
14
2
150
11
83
217
14
151
85
30
4
2
1
50
248
98
15
168
4
17
36
42
110
4
34
45
21
14
50
41
6
14
242
18
8
12
85
134
19
106
12
12
12
195
107
162
39
95
46
3
39
163
258
6
88
20
11
13
46
53
96
19
45
65
228
62
117
4
14
64
262
14
19
108
275
100
132
9
135
26
114
6
139
140
165
125
180
67
47
28
22
294
62
96
92
59
15
30
21
2
428
34
171
64
123
17
205
94
15
36
97
166
210
6
19
198
143
50
57
384
42
14
46
107
10
157
90
38
16
47
41
47
91
161
7
10
64
30
65
84
34
36
27
77
12
6
80
45
101
1
11
22
61
6
1
14
132
233
134
18
56
91
73
6
5
56
204
16
12
82
46
52
37
19
1
244
2
309
110
108
27
70
118
13
46
53
82
57
24
3
2
120
48
19
27
26
14
68
18
27
258
122
39
19
54
129
233
53
7
249
177
39
22
280
16
309
50
10
28
182
13
150
15
77
127
48
31
138
10
107
5
8
96
176
217
152
2
25
42
7
10
39
86
7
32
152
72
67
223
211
78
73
155
34
13
58
81
33
125
35
38
15
32
22
83
111
107
33
1
32
16
74
126
32
3
99
10
10
9
52
13
16
249
15
17
22
35
3
12
8
28
11
43
11
67
16
10
18
17
7
104
12
82
10
7
2
6
93
85
16
56
9
87
1
8
46
76
16
67
27
20
91
209
184
114
41
184
235
179
208
173
17
125
125
122
107
139
64
158
38
36
104
179
73
84
33
5
329
6
74
57
71
25
76
19
4
8
21
120
64
19
95
83
35
38
258
26
148
8
53
24
20
47
53
32
22
208
5
77
30
60
105
132
24
16
21
104
70
33
44
176
15
39
3
120
334
18
58
80
324
33
122
173
132
167
73
56
222
42
12
163
11
94
80
59
32
111
113
34
128
43
109
2
5
99
29
62
24
158
7
43
163
265
16
51
26
10
47
10
23
134
103
56
14
26
163
359
10
95
26
16
80
40
207
6
326
11
39
85
55
27
114
8
28
15
55
206
49
4
21
111
42
80
28
19
15
32
69
7
26
22
35
26
19
28
6
44
14
21
117
27
179
46
23
2
7
80
12
16
15
22
16
15
30
8
26
27
8
93
18
3
116
3
53
94
223
119
89
54
43
2
86
58
45
123
35
15
25
71
11
36
253
20
204
26
122
7
121
254
12
61
40
49
20
53
22
237
60
13
86
27
20
63
23
26
83
106
16
35
270
115
1
43
88
112
28
123
102
57
201
40
193
121
70
35
37
248
47
14
13
43
210
26
4
4
12
16
58
45
69
56
109
100
21
209
37
19
245
52
4
84
45
1
62
14
22
52
67
55
30
33
38
82
17
12
62
138
13
10
31
67
33
128
15
100
210
255
70
133
117
15
46
94
6
238
268
77
1
3
88
3
45
292
72
80
42
189
16
56
19
110
7
20
22
77
21
40
72
146
49
5
103
23
16
106
35
11
39
58
9
11
17
58
39
66
50
224
71
24
64
27
20
230
15
359
280
29
63
66
50
119
137
14
92
62
14
18
73
91
4
36
116
143
25
155
4
45
17
1
336
53
92
152
42
78
57
3
17
170
172
93
1
20
66
80
75
59
48
6
53
142
60
56
2
4
50
20
146
11
15
36
42
20
56
9
55
107
9
1
207
2
26
33
85
2
60
75
161
132
217
59
14
76
57
5
58
4
183
21
64
24
34
64
204
8
141
5
121
89
293
73
33
125
113
56
218
34
20
25
21
17
18
6
1
93
46
125
44
95
42
11
64
49
99
53
215
245
31
28
79
35
14
49
55
265
131
61
53
239
32
31
9
20
123
103
24
7
42
51
24
7
26
60
48
103
98
201
16
19
18
10
1
115
250
5
5
7
82
6
25
119
113
25
177
53
219
7
25
9
1
264
36
47
19
200
14
165
123
14
11
5
68
31
14
3
13
57
15
4
6
60
34
160
109
158
9
20
18
250
45
8
2
3
213
20
74
7
74
37
140
186
30
5
1
12
235
57
16
152
55
63
204
51
26
34
71
7
43
49
61
227
94
11
17
138
136
39
84
7
3
16
1
27
101
99
43
30
20
138
28
24
83
16
14
8
171
1
26
37
4
19
12
14
39
2
27
20
52
9
127
109
38
25
91
32
59
162
8
46
32
33
113
68
24
62
254
52
51
22
68
2
120
94
1
144
30
11
207
136
9
102
59
109
55
7
4
90
140
11
115
280
46
90
6
17
31
74
87
144
115
25
105
18
6
25
285
24
12
54
160
15
11
24
15
1
9
57
44
6
52
25
5
55
115
4
3
20
18
114
247
171
23
9
6
39
3
17
206
302
32
31
220
12
182
45
5
5
89
35
5
72
13
24
32
13
137
61
8
169
113
49
6
63
60
57
40
11
9
36
18
48
7
149
14
29
34
28
29
66
3
29
6
45
238
155
78
46
15
42
14
35
90
121
89
144
20
3
32
7
9
76
28
17
13
6
90
37
50
41
9
126
47
43
102
136
1
13
64
18
33
104
3
74
1
51
62
27
97
133
38
36
4
198
46
55
64
53
148
13
182
142
52
105
43
12
79
3
26
7
11
71
17
157
20
21
30
9
84
60
1
116
106
24
250
144
77
197
97
8
68
179
46
245
33
110
12
56
182
29
37
33
161
59
353
171
6
17
15
25
97
16
129
80
26
89
4
74
32
130
4
20
45
75
26
87
36
1
160
71
33
154
50
72
2
3
132
191
101
270
294
13
8
41
114
10
286
44
252
114
18
77
8
37
202
72
176
53
59
10
58
43
16
34
5
10
185
74
51
22
11
70
117
85
20
48
37
8
155
156
16
105
6
162
90
122
23
63
64
66
69
133
11
237
45
14
111
6
8
25
23
9
102
68
31
84
140
27
48
79
21
7
28
31
67
73
139
147
125
26
53
4
90
41
2
29
19
14
41
92
57
138
74
36
106
145
81
15
2
136
89
13
26
14
11
18
68
133
23
30
183
40
8
282
21
19
197
58
110
4
2
68
25
12
197
2
259
29
87
38
86
44
159
270
81
23
83
78
42
74
40
43
80
8
87
27
90
1
20
89
131
9
38
30
9
23
226
11
32
55
46
37
18
6
22
25
16
184
161
52
5
25
38
113
84
18
18
31
66
89
2
25
8
119
22
23
32
19
2
49
24
22
19
108
177
7
59
65
23
12
18
24
17
6
87
77
97
306
164
251
38
12
59
14
51
148
35
132
172
268
328
25
213
16
62
39
17
12
10
97
25
19
77
15
166
17
137
10
24
69
105
67
46
92
13
72
46
125
379
34
28
46
4
31
31
163
24
191
59
27
93
49
110
103
9
35
39
104
53
22
128
51
17
1
268
19
27
82
156
276
46
17
102
115
10
14
8
58
24
10
136
23
7
33
26
128
91
68
74
2
5
21
51
40
45
47
18
68
9
189
16
164
81
24
136
150
31
115
12
2
11
8
26
10
291
237
6
277
48
19
224
19
135
295
31
194
53
12
81
262
29
19
32
33
80
137
5
6
42
143
12
38
29
12
102
1
243
217
129
8
75
194
24
6
14
146
15
183
164
338
37
37
395
29
21
88
3
74
13
25
292
34
92
3
300
18
119
49
115
130
20
35
71
30
30
23
84
16
32
6
99
22
25
5
126
22
4
96
12
7
81
153
15
68
27
181
3
36
8
44
9
13
235
130
1
51
4
349
11
35
19
31
123
8
189
8
19
2
7
51
13
82
19
23
113
15
12
103
19
173
21
103
8
13
14
32
57
133
91
48
5
26
44
4
15
58
217
106
20
41
69
7
91
124
4
229
86
39
62
11
38
87
32
27
36
68
3
17
44
48
20
103
105
66
95
62
16
69
104
107
364
112
4
10
86
111
43
1
24
23
66
46
36
75
122
61
138
7
30
30
68
349
175
15
62
67
22
42
92
8
79
70
76
29
14
30
20
100
20
46
103
78
87
17
35
282
128
145
82
62
302
91
129
8
56
36
59
11
31
288
1
14
36
10
106
20
287
264
40
134
142
59
66
30
13
92
42
58
35
44
83
17
112
23
53
116
24
301
15
14
37
4
27
17
201
35
203
77
92
1
13
315
154
132
11
7
15
104
13
189
9
22
20
43
89
12
87
31
12
4
27
22
132
9
16
73
110
34
254
40
42
24
68
50
169
84
68
29
79
276
120
52
96
39
27
29
23
81
166
60
22
1
79
113
2
103
58
199
49
7
61
33
245
54
9
26
8
116
310
33
10
49
27
44
34
20
6
64
60
4
79
62
82
23
6
259
238
84
122
207
65
7
62
22
112
174
291
146
21
90
73
7
65
21
48
5
210
84
219
110
46
7
72
4
27
220
75
1
187
175
63
15
35
9
108
12
88
26
254
197
3
135
72
66
86
173
89
18
31
25
74
83
20
62
23
18
140
15
49
68
17
40
8
14
122
51
184
131
26
61
131
56
9
100
54
232
63
204
47
9
12
122
47
63
54
73
39
3
139
54
21
21
20
2
31
36
53
92
160
46
186
12
10
66
7
61
18
12
134
162
9
77
3
7
51
146
2
176
98
282
103
178
30
27
211
66
131
14
7
31
32
26
361
167
70
65
66
33
93
33
13
60
16
44
62
37
114
280
21
34
19
83
194
51
19
19
11
115
58
15
82
243
1
252
38
91
43
38
25
145
180
33
17
200
14
179
29
11
62
4
51
52
74
19
174
21
20
120
10
78
100
40
146
30
15
3
24
28
2
59
2
60
92
16
92
23
6
2
2
146
142
17
99
148
65
199
5
41
15
222
177
29
20
18
7
18
102
180
6
94
35
250
94
19
32
182
10
31
21
45
44
3
45
169
258
29
63
50
34
190
76
24
69
121
149
70
15
7
11
22
32
6
102
59
7
34
147
102
78
11
56
116
318
32
124
49
29
145
16
16
23
15
15
41
6
217
53
14
122
17
50
92
36
41
119
32
44
28
36
54
14
7
48
77
276
61
16
7
31
182
62
11
12
110
78
100
350
321
5
13
6
163
39
83
122
7
2
4
251
32
5
150
15
247
20
6
92
42
30
35
56
59
227
253
6
130
131
117
27
232
60
59
134
29
88
28
61
22
13
9
121
21
131
35
63
306
12
51
9
12
38
14
67
29
33
107
14
161
17
119
19
19
3
221
74
164
17
16
213
169
15
50
35
134
56
3
23
123
19
4
61
11
173
6
29
72
10
65
4
7
151
55
16
47
8
48
37
131
65
136
186
113
12
37
31
213
12
43
184
45
60
22
117
136
25
139
15
88
20
20
134
6
7
102
34
4
144
139
7
60
43
86
3
391
120
20
124
21
10
16
68
34
22
19
67
121
28
103
20
183
105
159
143
99
110
287
1
163
37
68
21
72
43
90
1
73
103
33
193
21
8
112
64
3
63
81
473
76
246
29
58
116
41
164
233
90
192
20
81
112
216
118
20
7
53
20
23
42
29
104
26
90
7
67
8
140
13
16
3
68
2
185
144
310
36
36
172
267
69
18
38
5
30
76
182
84
27
22
37
30
4
60
58
67
157
34
67
7
247
253
9
22
100
3
57
59
18
22
52
12
2
60
131
9
65
17
3
27
26
16
9
192
8
3
28
50
116
26
28
11
16
26
1
109
7
100
32
3
5
153
2
85
95
86
39
8
82
5
73
94
252
24
131
6
15
63
88
87
89
5
37
91
5
61
298
17
9
63
165
39
24
164
362
13
15
22
28
131
3
69
55
15
77
10
28
332
232
120
157
173
53
75
52
114
180
53
36
5
47
1
39
16
214
69
35
21
14
22
244
52
218
110
2
33
3
85
71
51
33
16
39
8
26
14
54
65
14
29
316
60
92
66
13
102
61
2
161
35
247
37
228
6
96
48
124
8
14
32
123
130
67
19
32
11
97
78
19
53
85
15
278
19
201
7
209
4
27
7
40
14
13
60
140
33
177
387
180
57
23
212
213
25
41
36
50
48
189
68
7
112
12
48
99
111
89
573
247
2
120
15
46
44
167
32
126
10
101
104
13
252
136
13
30
33
189
159
49
84
8
39
186
100
66
99
12
130
8
43
139
97
243
204
13
100
17
32
83
42
39
10
176
10
6
184
38
87
49
18
180
19
19
271
119
1
40
41
24
21
2
124
156
87
83
114
9
39
187
111
27
111
70
27
24
45
1
50
69
5
109
121
60
301
28
64
133
2
361
183
26
9
398
57
5
22
67
33
275
230
9
19
69
39
92
65
19
6
45
10
159
100
63
24
32
102
19
10
12
15
37
155
115
10
55
41
71
10
39
47
120
29
48
42
19
136
21
354
13
76
49
67
7
320
20
264
16
7
1
130
12
197
71
11
26
8
441
225
17
41
10
13
51
47
7
223
12
16
70
4
38
33
112
10
38
120
15
44
11
193
59
34
20
9
14
61
28
55
11
36
324
44
60
16
80
230
76
25
79
96
38
38
46
81
14
134
57
240
57
4
90
5
30
143
36
7
160
243
17
30
165
26
46
54
65
37
27
206
312
238
17
3
67
179
21
172
33
52
17
32
22
60
31
4
79
123
71
36
150
11
285
37
89
42
227
36
138
29
1
65
1
1
186
15
171
24
17
185
8
380
24
38
17
17
13
98
35
262
64
277
42
93
32
9
13
70
130
6
15
202
123
57
62
7
90
12
103
16
231
5
202
20
11
98
105
20
86
46
4
38
136
26
2
76
7
29
15
4
63
53
179
52
30
20
34
20
5
27
66
127
26
51
147
374
11
159
15
43
111
14
13
106
91
42
66
44
6
231
21
86
119
123
231
20
112
58
7
67
35
200
12
1
7
1
84
160
113
20
106
44
12
78
155
33
8
229
132
39
96
116
355
159
86
61
42
141
142
9
4
55
69
66
166
91
283
299
31
62
12
61
13
161
40
65
65
56
1
22
4
39
57
13
89
52
72
19
10
5
125
146
15
16
56
57
354
32
20
22
152
15
42
6
139
50
205
112
12
5
96
162
3
55
276
5
6
9
43
33
14
36
185
14
53
25
5
38
1
114
103
28
5
58
33
158
8
127
34
24
138
24
77
81
197
82
28
4
177
15
277
61
45
110
80
43
17
23
110
13
61
46
205
112
125
23
84
14
94
137
289
3
3
8
19
22
15
47
134
5
19
120
24
44
45
11
37
100
70
14
55
83
125
17
265
35
75
61
320
48
38
119
132
3
58
79
82
10
92
17
39
29
3
72
5
12
37
46
19
104
57
77
20
115
25
14
5
3
27
31
22
17
67
2
176
45
44
10
29
169
26
51
78
7
4
15
171
7
12
86
157
98
28
21
8
104
24
20
146
12
126
8
16
5
122
123
12
35
11
286
14
12
15
7
24
118
16
98
16
24
144
135
185
34
13
5
123
36
286
36
4
3
127
55
17
74
50
244
6
10
98
62
17
44
3
40
9
29
67
225
13
203
60
4
5
11
65
18
69
11
171
67
23
82
1
38
211
17
11
19
147
116
73
38
55
34
161
32
36
173
55
199
39
46
190
132
4
158
46
89
16
80
122
11
23
10
11
17
74
32
68
8
7
222
26
5
64
3
3
49
35
37
202
27
73
5
19
4
39
194
5
13
32
98
213
1
61
6
146
51
52
129
103
256
45
11
5
112
22
21
15
3
189
2
124
104
15
120
215
35
152
24
204
101
208
198
62
25
13
7
17
8
144
119
11
148
6
26
15
226
30
51
12
18
74
23
41
46
21
114
42
15
7
81
182
34
136
18
98
54
23
3
147
22
67
303
97
24
111
57
6
32
54
21
17
41
37
101
64
52
15
1
28
28
18
41
239
121
107
6
64
25
161
60
40
27
36
258
3
37
335
156
322
19
23
19
305
22
43
89
10
1
93
52
46
25
2
31
86
135
159
57
1
8
38
48
242
26
85
367
268
20
203
10
11
18
78
144
123
9
1
2
65
31
8
6
184
60
8
56
7
71
119
234
37
294
19
101
32
152
301
11
228
4
24
13
70
20
21
26
122
24
90
154
217
54
255
172
24
62
6
7
85
2
28
111
11
10
9
201
32
7
94
10
8
20
31
342
18
11
62
355
139
71
1
21
90
45
30
43
3
2
18
299
16
7
164
67
104
72
62
144
196
84
24
16
38
200
52
20
114
73
54
36
55
81
15
160
92
106
12
66
160
29
8
4
30
13
25
74
17
29
316
1
54
5
52
10
82
113
90
55
105
49
18
126
172
97
26
90
145
6
99
215
16
159
35
53
12
34
58
298
231
75
51
135
189
100
137
40
58
23
21
182
70
114
62
60
16
11
112
18
104
10
130
8
10
11
79
115
100
307
180
141
187
3
18
374
32
136
68
104
2
64
165
58
13
67
91
137
28
253
23
116
35
71
58
65
25
9
101
122
31
60
30
122
43
13
4
15
8
8
29
84
119
26
14
213
9
9
13
16
25
116
42
320
41
32
10
9
35
9
25
9
31
33
41
15
10
43
23
46
1
4
10
122
44
116
35
21
51
57
12
16
114
6
109
19
51
11
22
49
14
141
106
68
40
1
89
83
146
217
1
20
24
106
47
40
9
31
145
20
253
44
14
20
16
358
39
63
15
25
57
38
19
8
20
16
116
117
39
137
29
18
138
337
29
153
63
50
47
19
8
307
78
41
29
39
37
24
22
297
76
203
105
23
18
74
80
14
28
2
136
13
106
52
37
181
36
145
29
11
9
148
9
30
16
14
9
47
63
15
21
195
2
78
131
54
49
66
74
112
13
21
27
5
12
183
15
128
143
105
93
94
84
6
198
56
150
49
85
113
228
6
38
48
66
206
51
5
92
22
52
6
30
47
13
28
213
17
44
59
123
29
79
36
30
73
3
3
71
4
13
114
39
81
124
104
109
245
289
18
27
49
44
110
222
28
174
29
19
34
6
31
45
45
28
3
7
30
6
63
22
55
41
93
37
40
135
72
133
33
432
33
31
17
55
5
5
5
58
34
6
31
6
26
70
52
142
83
244
149
11
34
22
13
56
79
3
42
44
346
9
59
14
167
246
48
14
16
9
76
23
24
29
26
34
5
101
20
104
18
25
38
133
11
3
136
125
42
39
13
51
5
30
9
40
17
27
3
230
61
80
62
27
4
85
9
15
300
34
64
40
68
12
14
5
19
9
139
227
88
25
168
13
22
289
26
74
18
6
104
37
12
27
215
21
33
156
28
44
36
65
108
36
158
3
4
155
28
84
8
90
24
23
83
65
155
10
9
19
32
9
4
387
13
27
1
6
138
201
208
214
16
42
58
254
35
30
104
30
16
30
16
2
8
64
150
173
11
31
78
9
21
73
7
11
354
223
47
3
335
31
17
28
95
54
199
102
118
64
8
157
15
37
143
35
45
165
67
62
87
208
35
33
31
35
141
241
108
13
98
57
74
50
15
2
19
28
21
35
70
15
65
55
4
113
130
6
23
14
61
62
58
124
83
120
18
148
39
107
34
184
73
7
27
13
159
10
221
94
92
97
4
26
1
31
158
8
10
22
32
223
54
233
25
31
20
4
35
58
38
76
20
6
134
36
15
44
167
2
16
10
6
3
90
62
198
68
6
423
49
127
112
73
1
9
14
45
81
60
19
28
91
69
8
143
51
66
38
27
57
52
5
264
40
76
190
64
81
195
261
45
25
17
105
35
196
16
36
18
6
35
236
47
142
47
23
37
107
20
49
63
12
15
28
91
59
212
170
102
126
31
175
28
37
38
17
89
129
286
234
222
30
50
4
5
7
41
62
27
2
4
6
71
33
12
52
48
160
69
11
14
138
9
146
82
33
25
23
235
1
3
150
22
6
51
118
22
106
39
32
33
49
12
96
56
60
182
11
5
52
11
119
37
199
10
10
317
2
137
3
43
17
14
2
52
111
4
55
22
174
9
42
3
1
119
14
42
133
132
82
31
168
79
185
24
88
50
3
3
51
59
216
18
242
5
22
24
15
41
47
136
73
2
64
13
120
8
238
42
109
29
328
18
261
154
237
21
52
231
179
3
80
10
137
6
45
11
44
252
247
108
70
8
399
12
27
4
113
162
42
7
73
29
82
275
4
19
98
21
73
24
112
24
10
301
39
8
4
23
7
23
30
23
34
62
111
39
190
36
30
12
22
62
19
35
34
29
20
104
61
27
167
6
13
8
21
13
178
282
205
20
86
3
24
290
22
50
74
7
15
64
65
3
116
21
168
338
18
16
19
39
19
179
56
30
275
28
29
144
98
95
95
4
103
75
37
85
16
329
91
28
13
161
13
93
8
75
46
70
24
100
74
23
5
15
15
125
144
64
51
10
73
16
23
7
77
13
126
5
10
71
8
116
204
196
217
5
21
37
100
16
160
40
52
25
183
25
99
106
21
7
5
106
68
85
7
226
46
162
14
46
166
254
33
21
9
25
37
334
21
23
46
57
53
111
3
2
122
15
73
32
24
145
256
34
49
196
172
80
39
59
106
59
16
2
28
63
95
29
50
10
7
31
11
180
61
54
21
19
161
16
10
4
3
9
69
61
80
55
45
112
39
42
202
40
96
19
42
82
12
43
125
44
55
82
132
118
37
12
148
7
26
22
41
8
133
49
26
16
352
11
179
84
68
13
8
80
66
6
48
106
13
10
55
318
6
21
10
71
206
77
45
19
6
38
52
81
14
51
121
25
29
16
19
50
9
4
24
16
71
61
1
90
133
33
73
131
70
40
21
54
63
155
107
83
203
97
110
147
241
13
129
83
45
153
24
106
284
250
26
5
185
21
21
30
43
11
46
1
100
18
45
142
72
99
22
16
54
149
165
193
409
137
3
42
96
35
46
130
8
218
21
2
139
26
55
45
103
25
9
95
4
8
17
118
122
8
67
15
3
27
23
43
25
87
190
22
4
68
137
12
87
5
2
112
28
20
12
133
54
16
44
235
1
21
81
8
119
152
18
107
98
77
12
73
131
106
29
6
99
92
26
28
14
87
8
21
455
28
135
121
42
6
69
37
11
17
14
27
215
58
141
9
1
41
145
28
284
162
114
60
278
32
31
27
24
30
51
40
29
135
59
18
15
10
118
227
11
134
109
138
79
75
1
170
75
14
338
40
74
3
42
19
76
94
67
198
62
36
86
41
56
227
76
4
13
13
82
62
55
47
199
160
21
102
321
80
61
62
82
122
45
57
19
109
159
55
23
55
45
178
224
28
150
155
25
49
66
35
192
73
93
113
46
19
13
12
90
5
32
67
82
60
77
49
5
9
10
6
109
14
85
6
8
79
27
50
7
98
28
9
3
41
25
39
28
10
31
3
15
55
3
24
2
120
30
15
64
82
73
21
125
69
401
41
19
21
7
75
163
368
50
108
63
60
6
28
182
56
130
51
12
45
144
28
145
43
104
3
3
4
25
67
41
74
5
150
40
85
50
57
224
4
101
83
25
19
91
36
11
208
212
18
34
43
61
89
8
31
75
204
12
35
13
58
6
40
21
5
28
26
304
98
9
7
126
15
5
31
46
9
90
31
214
54
401
96
61
67
161
57
21
68
38
26
231
91
339
22
268
7
3
56
224
14
246
111
223
22
17
5
30
21
58
10
122
76
5
70
301
37
34
58
8
21
86
148
32
47
37
1
22
75
25
122
80
143
112
373
11
84
168
62
53
27
240
25
72
19
345
203
103
4
134
350
186
182
201
31
2
24
35
140
77
111
109
27
1
384
8
8
41
16
29
28
21
13
313
89
9
12
61
2
41
250
19
88
105
193
175
152
35
115
102
49
26
18
97
8
48
211
57
19
261
5
21
74
29
1
9
18
22
81
16
50
30
13
100
26
30
77
82
132
2
3
111
177
13
137
6
20
9
19
108
165
30
59
13
12
56
1
45
1
47
13
180
79
11
44
35
47
165
25
2
99
1
18
61
6
191
17
98
3
6
218
17
82
1
51
11
4
40
112
41
11
73
178
31
38
176
108
82
58
225
95
103
56
46
29
51
14
258
17
60
75
8
20
36
79
115
232
196
10
333
94
87
103
16
49
177
106
104
16
24
56
19
16
21
169
124
4
103
78
177
4
17
72
124
110
10
8
5
61
9
181
40
34
228
56
35
155
44
32
100
204
88
58
17
11
27
32
116
11
23
30
24
22
82
59
77
22
43
89
36
42
102
81
95
22
47
36
276
52
122
11
31
1
11
4
6
104
175
140
118
98
16
99
107
198
139
33
4
7
22
182
56
61
211
15
21
10
10
8
251
19
124
3
128
17
27
167
2
28
12
148
162
83
73
192
11
26
7
33
16
40
5
246
131
76
237
6
79
177
142
30
7
138
161
5
16
124
123
6
21
15
13
153
79
33
111
53
17
39
37
26
1
2
57
124
8
18
25
5
11
7
164
48
2
49
90
231
14
115
91
103
1
24
19
40
99
91
94
93
319
65
2
301
12
80
99
162
9
20
259
37
33
57
42
77
59
65
293
61
28
34
7
179
6
25
25
63
40
7
6
59
28
39
36
59
87
37
61
3
68
29
65
6
93
85
24
7
1
77
20
136
108
16
97
6
252
8
14
20
131
7
9
121
184
277
13
70
57
35
13
176
126
134
25
140
53
45
86
91
196
4
126
4
42
18
4
280
110
39
118
18
79
27
166
96
251
325
59
102
12
203
9
109
20
81
25
26
14
147
82
45
117
55
62
21
26
5
252
24
48
80
29
87
34
150
20
6
150
15
74
225
40
173
82
22
92
13
123
58
89
297
20
49
49
90
1
268
30
108
17
43
16
246
23
51
116
271
60
31
52
32
50
20
157
44
24
254
31
19
56
208
23
137
35
12
18
30
233
44
16
257
200
33
34
69
35
150
118
19
3
98
159
16
20
31
8
33
97
6
172
118
17
12
44
136
182
11
120
73
95
277
47
6
95
282
167
4
14
63
348
38
95
75
21
105
28
58
39
15
4
51
385
31
79
29
269
12
49
16
217
89
262
181
63
16
62
109
16
19
9
80
3
35
40
22
24
46
74
41
177
12
4
28
47
89
17
20
61
2
171
20
91
79
30
288
28
29
107
13
54
3
12
55
36
47
35
8
95
35
25
225
21
3
54
89
11
297
177
196
96
170
199
22
126
6
111
145
54
106
129
42
23
6
121
31
30
10
80
158
236
107
17
100
44
36
56
16
160
245
37
276
100
9
31
26
70
33
92
226
4
91
11
268
12
36
196
18
38
40
20
65
22
39
5
6
26
43
329
9
23
20
89
140
21
130
30
256
17
184
60
5
93
53
10
144
17
5
66
7
49
87
221
296
339
172
14
29
118
67
12
40
153
12
26
11
10
44
22
10
120
9
29
4
24
46
27
41
37
39
14
43
21
1
59
128
17
2
30
63
23
89
75
256
53
14
9
10
11
9
190
73
62
16
101
189
82
83
133
35
114
90
121
95
76
82
19
136
10
50
31
107
104
33
30
38
71
14
21
121
54
12
6
17
91
47
102
32
117
22
221
10
94
21
196
18
19
77
37
87
55
18
7
177
105
59
81
203
40
139
238
135
41
127
9
45
9
121
8
57
76
32
52
14
26
99
107
42
18
137
155
16
42
4
97
32
3
29
133
18
92
13
28
64
54
24
127
94
22
19
9
48
24
47
37
51
138
75
13
17
20
10
251
10
16
88
87
37
16
139
38
10
61
101
71
14
65
68
45
73
31
7
47
60
24
179
18
70
144
107
4
10
62
86
16
73
93
61
197
32
168
16
14
85
21
11
37
45
5
176
10
37
29
47
24
15
114
33
19
64
41
14
33
5
89
80
69
32
9
70
13
10
7
6
44
17
8
18
63
54
51
2
17
21
4
27
143
263
53
131
353
4
94
11
